Nakup     2011-02-05
72076   3861  1.0000
23417   1756  0.7046
39640   1031  1.0000
36032   8467  1.0000
87905  91603  1.0000
28270  32150  1.0000

Nakup     2011-02-18
35772   7051  0.4824
94069   7670  1.0000
50126   6166  1.0000
54685     84  1.0000
22541   7332  1.0000

Nakup     2011-03-16
54707   8540  1.0000
64889   7597  1.0000
32142  97621  1.0000

Nakup     2011-04-11
71386    145  1.0000

Nakup     2011-04-13
72381    394  1.0000
78966   4575  0.3806

Nakup     2011-04-27
94506  24450  1.0000

Nakup     2011-05-03
12778    825  1.0000
16236    653  1.0000
10216  99146  0.1941
81435     91  1.0000
65754    901  0.9258
63038  52470  1.0000
72726    275  1.0000
86285    235  1.0000

Nakup     2011-05-15
56451   6411  1.0000
89246  75541  1.0000
40411   1268  0.1899
87455   7063  0.0746
83594   2546  1.0000
25330   1698  1.0000
49920    639  1.0000
99391   1149  0.9821
67773    852  1.0000

Nakup     2011-06-10
88740  80649  1.0000
57440   7254  0.7702
42275   4138  1.0000
78413   8161  0.7871
45485     81  1.0000

Nakup     2011-07-09
14719   8920  1.0000
52350   3745  0.1939
37469     58  1.0000

Nakup     2011-07-30
62249  82607  0.8744

Nakup     2011-08-14
85515   6673  1.0000
83513   2237  0.2186
18257   6483  0.0132
11807   6954  0.5430
68802   9961  0.2978
83466    248  0.2066

Prodej    2011-08-25
39640   1031  1.0000
54685     84  1.0000
72076   3861  1.0000

Prodej    2011-08-30
14719   8920  1.0000
99391   1149  0.9821
50126   6166  1.0000
42275   4138  0.0490

Nakup     2011-09-22
36836   6444  1.0000
87694    406  1.0000
59442  89932  0.4206
57133   6801  1.0000
80569   1404  0.2700

Prodej    2011-10-08
63038  52470  1.0000

Prodej    2011-11-06
45485     81  1.0000
88740  80649  1.0000

Prodej    2011-11-12
83513   2237  0.2186
54707   8540  0.5913
28270  32150  1.0000

Prodej    2011-12-03
87694    406  1.0000
87455   7063  0.0746
57440   7254  0.7702
56451   6411  1.0000

Nakup     2011-12-21
19498   9210  1.0000
24462   8985  1.0000
50929   9869  0.8537
63008   7269  1.0000
27588   4552  0.1320

Nakup     2012-01-10
59028     47  0.6786
98814     62  1.0000
44734   2431  0.5053

Nakup     2012-01-28
87996    646  1.0000
69229   8472  0.4939
51113   7765  1.0000
65187   9556  1.0000
90254     64  1.0000
86820  46027  1.0000
44309   1368  1.0000
11203  78357  1.0000
34318    455  0.2716

Prodej    2012-02-26
25330   1698  1.0000
24462   8985  1.0000

Nakup     2012-03-08
29538  83543  1.0000
20772   9329  1.0000
42208   2184  1.0000
26432    728  1.0000
42031    436  1.0000
19981   8102  1.0000

Nakup     2012-03-31
61346    224  1.0000
42222   2931  1.0000
83707  61161  1.0000
61907  84203  1.0000
85050   1490  0.0726
32861   7415  1.0000

Nakup     2012-04-23
11098   2253  0.8629
21501   6049  0.4291
31116   2035  1.0000
30968   7110  0.1189
22226    172  0.2695

Nakup     2012-05-17
99507   6306  1.0000
79105    290  0.9823
35043  95646  1.0000
10005  46928  1.0000
65632   4230  1.0000

Nakup     2012-05-27
81736    142  1.0000

Nakup     2012-05-29
78589    761  1.0000
77604    999  1.0000
75799   7820  1.0000
79087   6686  1.0000

Nakup     2012-05-31
35730   1740  1.0000

Nakup     2012-06-17
64874    435  1.0000
63262   2481  0.6114
84551   5605  1.0000
39765   4711  1.0000

Nakup     2012-07-13
44383  27715  0.7543
88806    125  1.0000
79728    662  1.0000
20383   1869  1.0000
71967  38900  0.8208

Nakup     2012-07-19
23179   1634  0.0609
36450   1919  1.0000
33380  85857  1.0000
80809   6471  1.0000

Prodej    2012-07-21
63262   2481  0.6114
30968   7110  0.1189
23179   1634  0.0609
77604    999  1.0000

Nakup     2012-07-31
74534  55026  1.0000
35045   8437  1.0000
32687   3510  1.0000
10679  86646  0.3506
42156   2248  1.0000
72380    872  0.2575

Nakup     2012-08-14
75822   8768  1.0000
94813  88266  1.0000
86266   2831  1.0000
40704    988  0.4782
85663  69928  0.6898
87518     40  0.2408
86071   4759  1.0000

Nakup     2012-09-08
91533    811  1.0000
44535   5080  1.0000
24729   6568  0.3664
52393   1316  0.8624
33619   6862  1.0000
24617   4821  1.0000
13311   6685  1.0000

Nakup     2012-10-06
75840   4693  1.0000
67275   9304  1.0000
39411   2227  0.1900
33163   8195  1.0000
77049    309  1.0000
67025    385  1.0000
43395  69252  0.1001

Nakup     2012-10-19
40407   5189  1.0000
39483    889  0.1856

Nakup     2012-10-27
32781   9795  1.0000
33087   5421  0.4582
71026    522  1.0000
89056  53693  1.0000

Nakup     2012-11-22
35898    481  0.1739
88807   3043  0.7035
58250   2646  1.0000
61077  49951  0.0299
62617  15588  1.0000

Nakup     2012-11-29
85512   2707  1.0000
57975   4532  1.0000
68522   8974  1.0000

Nakup     2012-12-25
81151   5110  1.0000
93230    923  1.0000
59675   5174  1.0000
72230   8478  0.8964
88577   5814  0.2821
40682   2705  0.4820

Nakup     2012-12-30
53609     21  1.0000
48044    283  0.4005
55919    899  1.0000
12903  71560  1.0000
57850  32770  0.0756
54340    869  1.0000

Nakup     2013-01-09
29716   2012  1.0000
67082   1669  1.0000
39821    618  1.0000
81845   1106  1.0000
39388   8291  1.0000
28804    637  1.0000
68361   4667  1.0000
75168   1729  1.0000
90953   3339  1.0000

Nakup     2013-02-07
90941  75474  0.2825
62688   4735  0.1819
85635  87641  0.7581
95201   5809  0.8859

Prodej    2013-02-19
75822   8768  1.0000
27588   4552  0.1320
87905  91603  1.0000
83594   2546  0.2930

Nakup     2013-03-18
98910   5372  0.4054
68573   2843  1.0000
96737  35569  1.0000
87529    797  1.0000
59376    357  1.0000
54245   9437  1.0000
69418   3453  1.0000
64008   2492  0.9935
46354   9501  1.0000

Nakup     2013-04-13
34789   9440  0.9426
54656   3573  0.0970
99009     74  0.8832
67141  93991  1.0000
49064   2268  1.0000
87090   2418  0.9022
48428   9176  1.0000

Nakup     2013-04-26
41730   1222  1.0000
13150   1243  1.0000
47463    320  1.0000
59680   8851  1.0000

Nakup     2013-05-10
46795   4866  1.0000
70228   5322  1.0000
13609   6587  1.0000
23906  53493  0.6089
40899   9948  1.0000
90865    539  0.7220
22886   1683  1.0000
38419   6556  1.0000

Prodej    2013-05-13
84551   5605  1.0000
29538  83543  1.0000
64008   2492  0.9935

Nakup     2013-05-27
61451   5176  1.0000
55371     47  1.0000
45530    677  0.2784
47756   2909  0.2227
31906   2449  0.8316
75931   4796  1.0000
37466   6667  1.0000
43050  94783  1.0000

Nakup     2013-05-30
98964   9326  1.0000
14872  12789  0.7985

Nakup     2013-06-02
15725    867  1.0000
84463   1592  0.5844
30046   5365  1.0000

Nakup     2013-06-03
21111   5797  0.3362
59183  55752  1.0000
54147  34935  1.0000

Nakup     2013-06-24
83137    901  0.4736
27081   9369  0.5019
21819   6390  1.0000
72433   2719  0.1621

Nakup     2013-06-30
61594   5834  1.0000
44510   4473  1.0000
49629   9208  1.0000
62691   5487  1.0000
81083   1404  0.6184

Nakup     2013-07-26
61706   8080  1.0000
21275  83759  1.0000
83409  10931  1.0000
17345   1280  0.8659
42638  16621  1.0000
69980    199  1.0000
15385  67727  1.0000
68417    655  1.0000

Nakup     2013-08-10
19019   2175  1.0000
45120   1985  1.0000
64321   5288  1.0000
18395    284  1.0000
64324   4410  0.3559
78978   4205  1.0000
17777   7000  1.0000
33811  98695  0.5890

Nakup     2013-08-25
93641    442  1.0000

Nakup     2013-08-26
55429   2343  0.2678
45330   9888  1.0000
33547   9057  0.0619
27183  12661  1.0000

Nakup     2013-09-12
58231   6207  0.2021
53739   4759  1.0000
12281   1687  1.0000
57850  32770  0.9244
98277  31856  1.0000
70528  81471  1.0000
36445  10973  0.7549
17508   9967  0.2716

Nakup     2013-09-21
62596  64049  0.5728
33547   9057  0.9381

Nakup     2013-10-08
72304     61  0.2653
22165  79796  1.0000
88776   8698  0.8696
26271    859  1.0000

Nakup     2013-11-05
97593  53609  0.4357
78150  23385  1.0000
70898    528  1.0000
25310   7714  0.7563
26513   1015  1.0000
84688  85275  0.2106

Nakup     2013-12-01
59789   2989  0.1659
98837   5583  1.0000
29825   9174  0.4791
55072    910  0.8983
92886   6655  1.0000
75393    825  1.0000
90470   4009  0.1814
74993   7458  1.0000

Prodej    2013-12-18
95201   5809  0.8859
89246  75541  1.0000

Nakup     2014-01-11
31893   1085  0.4101

Nakup     2014-01-16
19951   4504  1.0000

Nakup     2014-01-30
44792  34671  1.0000
30984   7129  0.2112

Nakup     2014-02-23
50941   3539  0.0391
56343  22484  1.0000

Prodej    2014-03-13
67082   1669  1.0000
55919    899  0.6219
47463    320  1.0000

Nakup     2014-03-18
73500   2781  1.0000
91641   8475  1.0000

Nakup     2014-04-15
21115   2899  1.0000
64590   4284  0.7527
11515   8840  1.0000
88565     77  1.0000
19381   9324  1.0000
36067   3684  0.7729

Nakup     2014-05-01
33811  98695  0.4110
54962   4099  1.0000
93360   1524  1.0000
14872  12789  0.0340
90138   5527  0.9152

Prodej    2014-05-15
36450   1919  1.0000

Nakup     2014-06-04
11741   8177  0.0530
48631    181  1.0000
90306  96747  1.0000
41785  88302  1.0000
87475    560  1.0000
17124  69369  0.3448
68118    376  1.0000

Prodej    2014-06-21
96737  35569  1.0000

Nakup     2014-07-05
89320   7332  1.0000
56005   6635  1.0000
37029  42043  1.0000
31487   6303  1.0000
21584     11  0.0598
39375   8596  1.0000
79887   8332  0.1311
94732   6390  1.0000

Nakup     2014-07-23
99047  30406  1.0000
57862  59645  0.7788
94070   4886  0.7113
75385    824  1.0000
41033  95591  1.0000
32052   9901  1.0000
93153   2397  1.0000
12185    868  0.9086
59881   8312  1.0000

Nakup     2014-07-26
33002   1861  1.0000
84492   4257  1.0000
57236   9294  1.0000

Nakup     2014-08-16
13539   7436  1.0000
20596   5351  1.0000
23627   2259  0.0481
86141  88190  0.7817
59028     47  0.3214
30389    740  1.0000
35716   1117  1.0000
49032     74  1.0000

Nakup     2014-08-29
56152    157  1.0000
33388    938  1.0000
53697  47797  1.0000
34750   7095  1.0000

Nakup     2014-09-19
50067  23987  1.0000

Nakup     2014-09-28
20309   2987  0.2081
85131   1410  0.4323
43042  97221  1.0000
97297    653  0.2391
63262   2481  0.3886

Nakup     2014-10-24
55149   3927  1.0000
40411   1268  0.8101
53731   8615  1.0000
92539   8276  1.0000

Prodej    2014-10-25
49064   2268  1.0000

Nakup     2014-10-27
20399    936  0.5387
52741    928  1.0000
76567    328  1.0000
53977   9042  1.0000
87181   7023  1.0000

Prodej    2014-11-05
12281   1687  0.7142

Prodej    2014-11-09
40899   9948  1.0000
42031    436  0.5287

Nakup     2014-12-08
55525    938  0.7874
70094   8323  1.0000
84512   8062  1.0000
16729    727  1.0000

Prodej    2014-12-28
58231   6207  0.2021
45530    677  0.2784
56343  22484  0.7729
91533    811  1.0000

Prodej    2015-01-09
55072    910  0.4617

Nakup     2015-02-01
26367   4201  1.0000
15812    166  0.5985
61715   7455  0.7223
56064   5173  0.5538
76032   3783  0.1449
36830   5767  1.0000
59380   7019  1.0000
54330    739  1.0000
78838  54916  1.0000

Nakup     2015-02-04
61721     39  1.0000
48413   9460  1.0000
75389    413  0.4560
82925   2477  1.0000
98078  60545  1.0000
78676   2586  0.8267

Nakup     2015-02-25
20645   6919  0.7660

Nakup     2015-02-27
97564   7113  1.0000
41766   5031  1.0000
28958   6421  1.0000

Nakup     2015-03-22
90380   3042  1.0000
79887   8332  0.8689
35983  23840  1.0000
56411   5841  1.0000

Nakup     2015-04-20
63433   1346  0.8877
46638  59714  1.0000
39490   6932  1.0000
62975    946  1.0000
23489   4264  1.0000
83720   8865  1.0000
43598   3773  0.2889

Prodej    2015-05-02
53697  47797  0.1546
90380   3042  0.5644

Nakup     2015-05-29
90746   6719  0.6226
14586   3823  0.3127
95053   4383  0.2566
24013    885  1.0000

Nakup     2015-06-07
68628  91485  0.5384
89981    991  1.0000
34667   8197  1.0000
52082   8530  0.8132
25761   4851  1.0000

Prodej    2015-06-10
64889   7597  1.0000
16729    727  1.0000
46638  59714  0.3529
39375   8596  1.0000

Nakup     2015-07-04
96367   1255  1.0000

Nakup     2015-07-13
56839   9057  1.0000
14342    272  1.0000
54710  83671  1.0000
21400   2547  0.0550
51049   2679  1.0000
82233    523  0.5877
85408   8740  0.8679
69669   2087  0.2110

Nakup     2015-07-23
68165   2935  1.0000
78801    725  1.0000
84448  57412  0.3341
64056    922  0.5202
67893  59218  1.0000
15398   8557  1.0000

Prodej    2015-08-12
55525    938  0.7874

Nakup     2015-08-21
86355   3437  1.0000
85663  69928  0.3102
77283   3619  0.3854
93485  71661  1.0000
83579     66  0.5334
39588  83595  1.0000
86433    566  1.0000
78885   9550  0.7583
54911     69  1.0000

Nakup     2015-08-22
40052  67473  0.5468
38946    757  1.0000
68837    764  1.0000
94044  66448  0.2357
38047   5977  0.1718
18988   6022  1.0000
10821   6177  1.0000
39158   8858  0.3355
76666   5125  0.1379

Nakup     2015-09-01
83137    901  0.7264
39173  40003  0.6731
16709     63  1.0000
39094  10664  1.0000

Nakup     2015-09-09
49970  96627  1.0000
82233    523  0.4123
79425  72018  1.0000
69310   3354  0.3489
55305   5005  1.0000
54150   1875  0.8709

Nakup     2015-09-30
86367  58039  0.3266
94070   4886  0.2887

Nakup     2015-10-07
86434   4247  1.0000

Nakup     2015-10-13
44900   7283  0.9239
47726    421  1.0000
53016   6710  1.0000
56728   4330  1.0000
95068    794  0.4302
97297    653  0.7609
46088   6653  0.9817

Prodej    2015-10-23
58250   2646  0.4970
38946    757  1.0000
86141  88190  0.5839
81151   5110  0.0450

Prodej    2015-11-13
78413   8161  0.6518
40704    988  0.4782
48631    181  1.0000

Nakup     2015-11-26
67890   6471  0.0213
81780   7509  1.0000
60633    104  0.7604

Nakup     2015-12-06
79792  29988  1.0000
33333   9148  1.0000
52398   9887  0.9419
73567    552  1.0000

Nakup     2015-12-08
64759   4746  1.0000
99868   5132  1.0000
45082   8352  1.0000
74633  63127  1.0000
22883     91  1.0000
16854     66  1.0000
96115  65911  0.2881

Prodej    2015-12-12
33087   5421  0.4582
46795   4866  1.0000
68628  91485  0.5384
94070   4886  0.2354

Prodej    2015-12-19
36032   8467  0.3680
61077  49951  1.0000
59028     47  0.9953

Nakup     2015-12-24
52419   7012  0.7242
20027   3929  1.0000
44786   4027  1.0000
70925  85163  0.9719
39228   4169  1.0000

Nakup     2016-01-03
81083   1404  0.3816
45248    287  1.0000

Nakup     2016-01-26
47645   4083  1.0000
58001   1424  1.0000
71406   8611  1.0000
24990    576  1.0000
81121   5801  1.0000

Nakup     2016-01-31
34234   1591  1.0000
97496    981  1.0000
45786  25707  0.3917
51091   7465  1.0000
23458   2138  1.0000
66077   9430  0.5266
70895    350  1.0000
65059   5004  1.0000

Nakup     2016-02-22
84401     76  1.0000
72397    744  1.0000

Nakup     2016-02-28
65675     65  0.9137
20300  73348  1.0000
39027   4544  0.5676

Nakup     2016-03-09
39741   8163  1.0000
80306  31411  1.0000
90390    185  0.2066
74554   1400  1.0000
47393   9100  0.6657
80906   4087  1.0000
39158   8858  0.6645

Nakup     2016-04-04
86127   4504  0.8098
24125   1694  1.0000
33319   4194  1.0000
89730    870  1.0000
63156     21  0.8568
59069  10127  1.0000

Nakup     2016-04-15
43427   8448  1.0000
85744  32962  1.0000
92010   1150  1.0000

Nakup     2016-05-01
78721   9527  1.0000
98464  94303  0.9022
81109    694  1.0000
43395  69252  0.8999
86574   6177  1.0000
64479    132  0.4246
21004   7239  1.0000

Nakup     2016-05-16
91382   4619  1.0000
14845   6835  1.0000
23550  62713  1.0000
57655     77  0.7512
98599   8250  0.4662
26451    439  1.0000
51493   8895  1.0000

Nakup     2016-06-07
50480  55824  1.0000
66178   9147  1.0000
18377   9249  0.7623
21071  72331  1.0000
55072    910  0.1017
92424    231  1.0000
49531   1816  0.6422
92549    349  1.0000

Nakup     2016-06-27
46579  10125  1.0000
41099   8988  0.6513
39454   9964  1.0000
99980     43  0.7631
28402  40402  0.6395
52350   3745  0.8061
38263  98380  0.7879

Nakup     2016-07-05
97089  73115  1.0000

Nakup     2016-07-29
47219  92298  1.0000
80412   9908  1.0000

Prodej    2016-08-23
61907  84203  1.0000

Nakup     2016-08-31
40549   7751  1.0000
76382   4885  1.0000
65272    582  1.0000
18371     92  1.0000
49389    854  1.0000
60065    652  0.9972

Prodej    2016-09-29
26367   4201  0.9715
83511    378  1.0000
78801    725  0.4835

Prodej    2016-10-03
38263  98380  0.6247
93485  71661  1.0000
56152    157  1.0000
88776   8698  0.8696

Nakup     2016-10-28
90664   4185  1.0000
63385    485  1.0000
95067   7895  1.0000
94375   3413  1.0000
45430    316  1.0000
84790   6806  0.6224
49528   6377  1.0000
34920   7856  1.0000
57655     77  0.2488

Nakup     2016-11-04
69748    201  0.4996
22329  78910  1.0000
61746   7999  1.0000

Nakup     2016-11-30
75007   5740  1.0000
14717   7548  1.0000

Prodej    2016-12-20
75168   1729  1.0000
27183  12661  0.9715

Nakup     2017-01-12
28117   3327  0.2216
97993   7031  1.0000

Nakup     2017-01-17
34945   2097  0.3029
21398   8060  0.7310
40345   2696  1.0000
38830   2517  1.0000
15393   6792  0.1281
34289   5323  1.0000
58464  19126  0.2428

